3.989312E+00        1.000000E+00        6.282837E+02
1.679270E+01        1.000000E+00        1.113271E+04
2.473053E+01        1.000000E+00        2.414496E+04
5.456971E+01        1.000000E+00        1.175609E+05
6.912552E+01        1.000000E+00        1.886412E+05
1.043455E+02        1.000000E+00        4.298403E+05
1.068219E+02        1.000000E+00        4.504852E+05
1.352515E+02        1.000000E+00        7.221779E+05
1.442492E+02        1.000000E+00        8.214599E+05
1.714701E+02        1.000000E+00        1.160745E+06
