2.097736E+00        1.000000E+00        1.737247E+02
8.139147E+00        1.000000E+00        2.615276E+03
1.254678E+01        1.000000E+00        6.214756E+03
1.308687E+01        1.000000E+00        6.761316E+03
2.632184E+01        1.000000E+00        2.735219E+04
3.468150E+01        1.000000E+00        4.748490E+04
4.589992E+01        1.000000E+00        8.317325E+04
5.106449E+01        1.000000E+00        1.029432E+05
6.255483E+01        1.000000E+00        1.544833E+05
8.573171E+01        1.000000E+00        2.901634E+05
