930
10
4.185200 -48.249000 1.174800 10.043000 30.378000 -30.365000 1.631400 60.638000 -27.077000 47.668000 
3 3 3 3 3 3 3 3 3 3
3 3 3 3 3 3 3 3 3 3
-1.867100 -48.720000 3.318900 22.820000 46.908000 -4.977200 3.588800 82.984000 -6.451900 111.160000 
3 3 3 3 3 3 3 3 3 3
3 3 3 3 3 3 3 3 3 3
-7.252900 -54.496000 5.981200 38.619000 71.388000 17.890000 5.879000 114.890000 10.896000 179.590000 
3 3 3 3 3 3 3 3 3 3
3 3 3 3 3 3 3 3 3 3
-13.032000 -63.847000 9.539600 58.423000 100.300000 40.202000 8.295500 151.390000 24.347000 235.470000 
3 3 3 3 3 3 3 3 3 3
3 3 3 3 3 3 3 3 3 3
-20.088000 -75.516000 14.229000 82.736000 131.020000 63.068000 10.651000 188.330000 32.966000 266.160000 
3 3 3 3 3 3 3 3 3 3
3 3 3 3 3 3 3 3 3 3
-28.700000 -88.629000 19.843000 110.500000 162.910000 85.891000 12.815000 223.080000 36.308000 272.380000 
3 3 3 3 3 3 3 3 3 3
3 3 3 3 3 3 3 3 3 3
-38.761000 -102.580000 25.914000 139.730000 195.980000 107.040000 14.680000 253.500000 34.558000 262.670000 
3 3 3 3 3 3 3 3 3 3
3 3 3 3 3 3 3 3 3 3
-50.137000 -117.100000 32.000000 168.590000 229.290000 124.700000 16.121000 276.880000 28.385000 245.280000 
3 3 3 3 3 3 3 3 3 3
3 3 3 3 3 3 3 3 3 3
-62.739000 -132.210000 37.752000 195.590000 259.850000 136.990000 16.962000 288.900000 19.220000 226.310000 
3 3 3 3 3 3 3 3 3 3
3 3 3 3 3 3 3 3 3 3
-76.517000 -148.140000 42.897000 219.510000 282.340000 141.990000 16.967000 283.280000 9.499200 210.030000 
3 3 3 3 3 3 3 3 3 3
3 3 3 3 3 3 3 3 3 3
-91.423000 -165.080000 47.241000 239.510000 292.010000 138.390000 15.960000 255.140000 1.443100 199.030000 
3 3 3 3 3 3 3 3 3 3
3 3 3 3 3 3 3 3 3 3
2.806500 -22.010000 0.178160 2.797300 14.861000 -16.990000 0.594610 27.334000 -15.475000 20.313000 
3 3 3 3 3 3 3 3 3 3
3 3 3 3 3 3 3 3 3 3
-2.592300 -22.027000 2.254900 15.486000 28.696000 8.732100 2.634800 49.296000 9.014000 89.780000 
3 3 3 3 3 3 3 3 3 3
3 3 3 3 3 3 3 3 3 3
-6.945300 -27.745000 4.753100 30.989000 51.785000 31.502000 5.088200 82.528000 30.698000 169.450000 
3 3 3 3 3 3 3 3 3 3
3 3 3 3 3 3 3 3 3 3
-11.814000 -36.174000 8.259800 50.837000 78.435000 54.696000 7.648500 119.280000 49.130000 232.600000 
3 3 3 3 3 3 3 3 3 3
3 3 3 3 3 3 3 3 3 3
-18.490000 -46.374000 13.288000 76.570000 105.470000 80.020000 10.105000 155.220000 62.256000 259.110000 
3 3 3 3 3 3 3 3 3 3
3 3 3 3 3 3 3 3 3 3
-27.049000 -57.553000 19.436000 106.420000 133.640000 106.160000 12.352000 188.630000 69.365000 255.240000 
3 3 3 3 3 3 3 3 3 3
3 3 3 3 3 3 3 3 3 3
-37.130000 -69.096000 25.997000 137.520000 164.570000 130.710000 14.314000 218.420000 70.551000 235.990000 
3 3 3 3 3 3 3 3 3 3
3 3 3 3 3 3 3 3 3 3
-48.547000 -80.856000 32.468000 167.820000 198.190000 151.570000 15.885000 242.570000 66.131000 211.260000 
3 3 3 3 3 3 3 3 3 3
3 3 3 3 3 3 3 3 3 3
-61.216000 -92.981000 38.493000 195.790000 231.920000 166.800000 16.900000 257.190000 57.300000 187.340000 
3 3 3 3 3 3 3 3 3 3
3 3 3 3 3 3 3 3 3 3
-75.097000 -105.850000 43.790000 220.200000 258.870000 174.030000 17.057000 254.200000 47.127000 168.460000 
3 3 3 3 3 3 3 3 3 3
3 3 3 3 3 3 3 3 3 3
-90.168000 -119.950000 48.137000 239.990000 269.390000 170.810000 15.978000 223.090000 39.970000 157.420000 
3 3 3 3 3 3 3 3 3 3
3 3 3 3 3 3 3 3 3 3
1.608600 -4.048600 -0.421390 -1.999600 2.025200 -8.029300 -0.249820 2.139100 -7.908600 -6.462700 
3 3 3 3 3 3 3 3 3 3
3 3 3 3 3 3 3 3 3 3
-3.234600 -4.202100 1.700300 11.070000 12.183000 17.961000 1.859500 23.454000 20.403000 66.465000 
3 3 3 3 3 3 3 3 3 3
3 3 3 3 3 3 3 3 3 3
-6.694300 -9.256100 4.096400 26.386000 31.539000 41.244000 4.408700 55.747000 47.657000 153.240000 
3 3 3 3 3 3 3 3 3 3
3 3 3 3 3 3 3 3 3 3
-10.703000 -15.462000 7.491100 45.843000 52.976000 65.943000 7.016400 89.355000 73.076000 221.910000 
3 3 3 3 3 3 3 3 3 3
3 3 3 3 3 3 3 3 3 3
-17.241000 -23.203000 12.972000 73.247000 72.595000 94.645000 9.461300 120.600000 92.320000 238.500000 
3 3 3 3 3 3 3 3 3 3
3 3 3 3 3 3 3 3 3 3
-25.822000 -31.512000 19.640000 104.970000 93.730000 124.510000 11.688000 149.180000 104.990000 222.780000 
3 3 3 3 3 3 3 3 3 3
3 3 3 3 3 3 3 3 3 3
-35.901000 -39.813000 26.593000 137.420000 119.460000 152.450000 13.645000 174.910000 110.960000 194.760000 
3 3 3 3 3 3 3 3 3 3
3 3 3 3 3 3 3 3 3 3
-47.332000 -48.140000 33.330000 168.550000 150.430000 176.280000 15.238000 196.420000 110.030000 164.060000 
3 3 3 3 3 3 3 3 3 3
3 3 3 3 3 3 3 3 3 3
-60.051000 -56.742000 39.500000 196.890000 184.600000 194.020000 16.319000 210.410000 103.050000 136.690000 
3 3 3 3 3 3 3 3 3 3
3 3 3 3 3 3 3 3 3 3
-74.025000 -66.042000 44.834000 221.250000 215.520000 203.450000 16.609000 209.410000 92.905000 116.590000 
3 3 3 3 3 3 3 3 3 3
3 3 3 3 3 3 3 3 3 3
-89.256000 -76.842000 49.073000 240.330000 227.140000 200.650000 15.469000 175.580000 86.745000 106.780000 
3 3 3 3 3 3 3 3 3 3
3 3 3 3 3 3 3 3 3 3
1.525500 0.077088 -0.726530 -3.817800 -0.141400 -7.380500 -0.565160 -4.185900 -8.327800 -15.206000 
3 3 3 3 3 3 3 3 3 3
3 3 3 3 3 3 3 3 3 3
-3.280300 1.588700 1.629100 9.995500 2.434700 20.692000 1.466200 11.947000 25.428000 49.562000 
3 3 3 3 3 3 3 3 3 3
3 3 3 3 3 3 3 3 3 3
-6.661900 0.105980 4.254000 25.842000 11.873000 47.477000 3.884900 36.185000 60.718000 125.280000 
3 3 3 3 3 3 3 3 3 3
3 3 3 3 3 3 3 3 3 3
-10.627000 -2.489700 8.024400 46.441000 22.404000 76.048000 6.360900 61.240000 94.298000 181.780000 
3 3 3 3 3 3 3 3 3 3
3 3 3 3 3 3 3 3 3 3
-16.895000 -6.196700 13.736000 74.451000 31.501000 108.290000 8.684600 83.830000 122.100000 191.680000 
3 3 3 3 3 3 3 3 3 3
3 3 3 3 3 3 3 3 3 3
-25.248000 -10.327000 20.632000 106.760000 42.781000 141.590000 10.790000 103.940000 142.820000 169.940000 
3 3 3 3 3 3 3 3 3 3
3 3 3 3 3 3 3 3 3 3
-35.187000 -14.447000 27.776000 139.650000 60.187000 172.610000 12.630000 121.870000 155.740000 136.720000 
3 3 3 3 3 3 3 3 3 3
3 3 3 3 3 3 3 3 3 3
-46.561000 -18.679000 34.610000 170.830000 85.002000 198.850000 14.109000 136.550000 160.340000 102.690000 
3 3 3 3 3 3 3 3 3 3
3 3 3 3 3 3 3 3 3 3
-59.308000 -23.343000 40.753000 198.720000 115.180000 218.130000 15.068000 144.490000 157.460000 74.290000 
3 3 3 3 3 3 3 3 3 3
3 3 3 3 3 3 3 3 3 3
-73.385000 -28.895000 45.938000 222.130000 143.780000 228.130000 15.214000 137.810000 150.250000 55.417000 
3 3 3 3 3 3 3 3 3 3
3 3 3 3 3 3 3 3 3 3
-88.746000 -35.785000 49.987000 240.200000 161.480000 226.850000 14.217000 107.020000 143.070000 47.965000 
3 3 3 3 3 3 3 3 3 3
3 3 3 3 3 3 3 3 3 3
2.435400 -2.318400 -1.190300 -5.394700 4.340300 -10.953000 -0.586480 -0.770420 -9.721800 -15.181000 
3 3 3 3 3 3 3 3 3 3
3 3 3 3 3 3 3 3 3 3
-2.701900 0.548380 1.635500 10.020000 -2.419400 19.606000 1.309400 8.942600 28.963000 34.833000 
3 3 3 3 3 3 3 3 3 3
3 3 3 3 3 3 3 3 3 3
-6.705700 2.915000 4.921800 27.889000 -6.866100 51.140000 3.467100 21.723000 71.819000 87.367000 
3 3 3 3 3 3 3 3 3 3
3 3 3 3 3 3 3 3 3 3
-11.161000 4.640700 9.393100 50.684000 -11.525000 84.864000 5.678700 34.310000 114.110000 121.610000 
3 3 3 3 3 3 3 3 3 3
3 3 3 3 3 3 3 3 3 3
-17.268000 5.944100 15.349000 79.189000 -16.442000 121.140000 7.772900 44.632000 152.020000 123.160000 
3 3 3 3 3 3 3 3 3 3
3 3 3 3 3 3 3 3 3 3
-25.271000 6.985600 22.310000 111.330000 -17.972000 157.820000 9.663200 52.912000 182.760000 98.473000 
3 3 3 3 3 3 3 3 3 3
3 3 3 3 3 3 3 3 3 3
-34.969000 7.821400 29.492000 143.940000 -11.722000 191.720000 11.289000 59.827000 204.430000 62.823000 
3 3 3 3 3 3 3 3 3 3
3 3 3 3 3 3 3 3 3 3
-46.229000 8.243400 36.277000 174.510000 4.421800 220.000000 12.557000 64.690000 216.010000 27.817000 
3 3 3 3 3 3 3 3 3 3
3 3 3 3 3 3 3 3 3 3
-58.977000 7.920900 42.248000 201.280000 28.841000 240.350000 13.311000 64.274000 218.190000 0.607780 
3 3 3 3 3 3 3 3 3 3
3 3 3 3 3 3 3 3 3 3
-73.142000 6.506600 47.154000 223.180000 55.999000 250.930000 13.332000 52.609000 213.590000 -15.136000 
3 3 3 3 3 3 3 3 3 3
3 3 3 3 3 3 3 3 3 3
-88.634000 3.791600 50.881000 239.660000 79.852000 250.910000 12.461000 24.610000 205.380000 -18.430000 
3 3 3 3 3 3 3 3 3 3
3 3 3 3 3 3 3 3 3 3
3.676300 -5.172700 -1.873300 -7.842500 10.200000 -14.997000 -0.598000 2.993300 -8.523200 -18.163000 
3 3 3 3 3 3 3 3 3 3
3 3 3 3 3 3 3 3 3 3
-1.896000 -1.947500 1.510300 9.594200 -5.838000 17.542000 1.164000 6.919100 34.101000 16.260000 
3 3 3 3 3 3 3 3 3 3
3 3 3 3 3 3 3 3 3 3
-6.643600 2.882800 5.621500 30.267000 -24.693000 53.143000 3.059600 8.793500 83.100000 45.652000 
3 3 3 3 3 3 3 3 3 3
3 3 3 3 3 3 3 3 3 3
-11.650000 8.869800 10.849000 55.462000 -46.460000 91.940000 4.956900 7.392700 134.310000 57.812000 
3 3 3 3 3 3 3 3 3 3
3 3 3 3 3 3 3 3 3 3
-17.841000 15.432000 17.239000 85.123000 -68.566000 132.880000 6.740900 2.873300 182.970000 46.137000 
3 3 3 3 3 3 3 3 3 3
3 3 3 3 3 3 3 3 3 3
-25.641000 22.034000 24.372000 117.420000 -85.974000 173.450000 8.336800 -3.293600 224.750000 15.329000 
3 3 3 3 3 3 3 3 3 3
3 3 3 3 3 3 3 3 3 3
-35.125000 28.240000 31.577000 149.610000 -93.207000 210.380000 9.684300 -9.553800 256.220000 -23.094000 
3 3 3 3 3 3 3 3 3 3
3 3 3 3 3 3 3 3 3 3
-46.269000 33.659000 38.238000 179.190000 -86.904000 240.670000 10.699000 -15.749000 275.340000 -58.134000 
3 3 3 3 3 3 3 3 3 3
3 3 3 3 3 3 3 3 3 3
-59.018000 37.963000 43.930000 204.390000 -67.713000 262.040000 11.254000 -24.173000 282.280000 -82.604000 
3 3 3 3 3 3 3 3 3 3
3 3 3 3 3 3 3 3 3 3
-73.276000 40.930000 48.441000 224.290000 -40.192000 273.250000 11.197000 -39.180000 279.400000 -93.489000 
3 3 3 3 3 3 3 3 3 3
3 3 3 3 3 3 3 3 3 3
-88.911000 42.512000 51.720000 238.640000 -9.901600 274.170000 10.433000 -64.474000 269.880000 -90.873000 
3 3 3 3 3 3 3 3 3 3
3 3 3 3 3 3 3 3 3 3
4.853100 -7.824300 -2.565500 -10.423000 16.410000 -19.004000 -0.671730 5.418800 -6.662200 -25.183000 
3 3 3 3 3 3 3 3 3 3
3 3 3 3 3 3 3 3 3 3
-1.156100 -4.573200 1.305900 8.769400 -8.299400 15.037000 0.953840 3.957500 39.474000 -5.316400 
3 3 3 3 3 3 3 3 3 3
3 3 3 3 3 3 3 3 3 3
-6.538300 2.428400 6.165800 31.993000 -41.428000 54.241000 2.591300 -4.874800 94.656000 3.482700 
3 3 3 3 3 3 3 3 3 3
3 3 3 3 3 3 3 3 3 3
-12.053000 12.583000 12.151000 59.620000 -81.317000 97.984000 4.156000 -20.955000 155.090000 -5.228900 
3 3 3 3 3 3 3 3 3 3
3 3 3 3 3 3 3 3 3 3
-18.438000 24.420000 19.097000 90.873000 -122.620000 143.940000 5.588300 -41.723000 214.920000 -32.600000 
3 3 3 3 3 3 3 3 3 3
3 3 3 3 3 3 3 3 3 3
-26.182000 36.612000 26.537000 123.810000 -158.160000 188.860000 6.844500 -63.858000 268.240000 -73.023000 
3 3 3 3 3 3 3 3 3 3
3 3 3 3 3 3 3 3 3 3
-35.536000 48.246000 33.828000 155.790000 -180.530000 229.150000 7.881900 -84.355000 309.940000 -116.200000 
3 3 3 3 3 3 3 3 3 3
3 3 3 3 3 3 3 3 3 3
-46.610000 58.721000 40.345000 184.280000 -184.310000 261.540000 8.639700 -101.620000 336.470000 -151.530000 
3 3 3 3 3 3 3 3 3 3
3 3 3 3 3 3 3 3 3 3
-59.398000 67.690000 45.676000 207.550000 -168.950000 283.900000 9.022900 -116.790000 347.250000 -172.210000 
3 3 3 3 3 3 3 3 3 3
3 3 3 3 3 3 3 3 3 3
-73.782000 75.054000 49.682000 225.010000 -139.210000 295.580000 8.918800 -133.610000 344.940000 -176.660000 
3 3 3 3 3 3 3 3 3 3
3 3 3 3 3 3 3 3 3 3
-89.584000 80.905000 52.402000 236.760000 -101.780000 297.130000 8.255900 -155.850000 333.510000 -166.640000 
3 3 3 3 3 3 3 3 3 3
3 3 3 3 3 3 3 3 3 3
5.842200 -8.501900 -3.212200 -13.076000 21.711000 -21.870000 -0.868080 4.127600 -3.902800 -36.208000 
3 3 3 3 3 3 3 3 3 3
3 3 3 3 3 3 3 3 3 3
-0.594950 -5.629000 1.019000 7.384400 -10.149000 12.936000 0.628830 -1.729800 44.825000 -28.561000 
3 3 3 3 3 3 3 3 3 3
3 3 3 3 3 3 3 3 3 3
-6.503600 3.553800 6.512200 32.718000 -56.958000 55.388000 2.013300 -21.012000 106.210000 -37.650000 
3 3 3 3 3 3 3 3 3 3
3 3 3 3 3 3 3 3 3 3
-12.456000 17.979000 13.217000 62.634000 -115.250000 104.030000 3.240600 -52.059000 176.140000 -65.780000 
3 3 3 3 3 3 3 3 3 3
3 3 3 3 3 3 3 3 3 3
-19.075000 34.956000 20.754000 95.621000 -176.330000 155.060000 4.310800 -89.346000 247.100000 -109.490000 
3 3 3 3 3 3 3 3 3 3
3 3 3 3 3 3 3 3 3 3
-26.855000 52.463000 28.583000 129.510000 -230.950000 204.510000 5.215100 -127.730000 311.920000 -161.620000 
3 3 3 3 3 3 3 3 3 3
3 3 3 3 3 3 3 3 3 3
-36.156000 69.252000 36.033000 161.570000 -269.410000 248.380000 5.937500 -162.590000 363.880000 -211.640000 
3 3 3 3 3 3 3 3 3 3
3 3 3 3 3 3 3 3 3 3
-47.223000 84.535000 42.412000 188.980000 -282.980000 282.930000 6.452500 -190.210000 397.260000 -247.960000 
3 3 3 3 3 3 3 3 3 3
3 3 3 3 3 3 3 3 3 3
-60.117000 97.937000 47.301000 210.010000 -269.420000 306.030000 6.697100 -210.390000 410.440000 -263.880000 
3 3 3 3 3 3 3 3 3 3
3 3 3 3 3 3 3 3 3 3
-74.681000 109.490000 50.698000 224.600000 -235.430000 317.860000 6.572600 -227.430000 407.280000 -260.450000 
3 3 3 3 3 3 3 3 3 3
3 3 3 3 3 3 3 3 3 3
-90.680000 119.430000 52.779000 233.410000 -190.160000 319.760000 6.006300 -246.170000 393.260000 -241.990000 
3 3 3 3 3 3 3 3 3 3
3 3 3 3 3 3 3 3 3 3
6.614900 -4.761200 -3.714400 -15.599000 23.506000 -21.767000 -1.252800 -4.352400 1.408600 -52.210000 
3 3 3 3 3 3 3 3 3 3
3 3 3 3 3 3 3 3 3 3
-0.253120 -2.835600 0.702730 5.473100 -12.930000 12.792000 0.135810 -12.869000 51.169000 -53.549000 
3 3 3 3 3 3 3 3 3 3
3 3 3 3 3 3 3 3 3 3
-6.617500 8.701700 6.716700 32.470000 -72.415000 58.231000 1.273800 -42.219000 118.490000 -77.995000 
3 3 3 3 3 3 3 3 3 3
3 3 3 3 3 3 3 3 3 3
-12.961000 27.437000 14.052000 64.324000 -148.030000 111.500000 2.174100 -87.659000 197.450000 -123.420000 
3 3 3 3 3 3 3 3 3 3
3 3 3 3 3 3 3 3 3 3
-19.843000 49.006000 22.095000 98.746000 -227.050000 166.990000 2.905100 -139.950000 278.240000 -181.920000 
3 3 3 3 3 3 3 3 3 3
3 3 3 3 3 3 3 3 3 3
-27.729000 71.126000 30.288000 133.520000 -299.500000 220.520000 3.479100 -193.190000 353.380000 -245.720000 
3 3 3 3 3 3 3 3 3 3
3 3 3 3 3 3 3 3 3 3
-37.028000 92.459000 37.941000 165.860000 -354.200000 267.950000 3.901900 -241.710000 415.210000 -303.970000 
3 3 3 3 3 3 3 3 3 3
3 3 3 3 3 3 3 3 3 3
-48.143000 112.030000 44.192000 192.260000 -377.000000 304.600000 4.197100 -278.570000 454.720000 -342.050000 
3 3 3 3 3 3 3 3 3 3
3 3 3 3 3 3 3 3 3 3
-61.234000 129.380000 48.535000 210.650000 -362.400000 327.900000 4.340800 -301.510000 468.270000 -351.800000 
3 3 3 3 3 3 3 3 3 3
3 3 3 3 3 3 3 3 3 3
-76.037000 144.730000 51.241000 222.060000 -322.340000 339.490000 4.216700 -317.280000 462.840000 -339.420000 
3 3 3 3 3 3 3 3 3 3
3 3 3 3 3 3 3 3 3 3
-92.246000 158.450000 52.656000 227.840000 -269.340000 341.640000 3.738800 -332.400000 445.960000 -312.460000 
3 3 3 3 3 3 3 3 3 3
3 3 3 3 3 3 3 3 3 3
7.200400 6.656600 -3.856800 -17.371000 16.924000 -15.852000 -1.911800 -25.278000 12.612000 -76.203000 
3 3 3 3 3 3 3 3 3 3
3 3 3 3 3 3 3 3 3 3
-0.094826 7.774000 0.637320 3.867100 -22.622000 18.132000 -0.627070 -35.848000 62.637000 -84.316000 
3 3 3 3 3 3 3 3 3 3
3 3 3 3 3 3 3 3 3 3
-6.888400 21.629000 7.023400 31.944000 -92.555000 66.002000 0.283320 -74.027000 134.780000 -121.050000 
3 3 3 3 3 3 3 3 3 3
3 3 3 3 3 3 3 3 3 3
-13.645000 43.481000 14.718000 64.749000 -180.340000 122.170000 0.915970 -130.040000 219.650000 -178.720000 
3 3 3 3 3 3 3 3 3 3
3 3 3 3 3 3 3 3 3 3
-20.865000 68.224000 23.004000 99.651000 -271.510000 180.240000 1.375000 -192.970000 306.580000 -247.270000 
3 3 3 3 3 3 3 3 3 3
3 3 3 3 3 3 3 3 3 3
-28.960000 93.726000 31.362000 134.600000 -356.840000 236.370000 1.678300 -257.220000 388.710000 -319.420000 
3 3 3 3 3 3 3 3 3 3
3 3 3 3 3 3 3 3 3 3
-38.324000 118.650000 39.155000 167.020000 -425.520000 286.680000 1.841400 -317.120000 458.670000 -385.200000 
3 3 3 3 3 3 3 3 3 3
3 3 3 3 3 3 3 3 3 3
-49.515000 141.800000 45.300000 192.540000 -457.320000 325.320000 1.941500 -362.160000 503.750000 -425.960000 
3 3 3 3 3 3 3 3 3 3
3 3 3 3 3 3 3 3 3 3
-62.902000 162.410000 48.973000 207.820000 -438.220000 348.030000 2.024300 -385.220000 515.240000 -427.660000 
3 3 3 3 3 3 3 3 3 3
3 3 3 3 3 3 3 3 3 3
-77.950000 181.090000 51.010000 216.160000 -392.440000 359.430000 1.905500 -399.400000 507.390000 -407.130000 
3 3 3 3 3 3 3 3 3 3
3 3 3 3 3 3 3 3 3 3
-94.338000 198.250000 51.835000 219.220000 -333.810000 362.170000 1.495600 -411.810000 488.480000 -373.420000 
3 3 3 3 3 3 3 3 3 3
3 3 3 3 3 3 3 3 3 3
7.620500 27.901000 -3.510900 -18.032000 -0.936970 -2.271000 -2.896200 -61.882000 31.745000 -109.880000 
3 3 3 3 3 3 3 3 3 3
3 3 3 3 3 3 3 3 3 3
-0.021221 31.463000 1.300600 4.103000 -49.114000 34.083000 -1.803800 -80.154000 86.010000 -128.310000 
3 3 3 3 3 3 3 3 3 3
3 3 3 3 3 3 3 3 3 3
-7.306500 45.417000 7.655500 31.810000 -121.640000 81.481000 -1.030000 -121.100000 158.040000 -170.110000 
3 3 3 3 3 3 3 3 3 3
3 3 3 3 3 3 3 3 3 3
-14.574000 67.521000 15.223000 63.827000 -211.620000 136.910000 -0.546580 -179.930000 242.510000 -231.400000 
3 3 3 3 3 3 3 3 3 3
3 3 3 3 3 3 3 3 3 3
-22.251000 93.466000 23.356000 97.767000 -306.290000 194.800000 -0.262710 -247.110000 330.110000 -302.940000 
3 3 3 3 3 3 3 3 3 3
3 3 3 3 3 3 3 3 3 3
-30.721000 120.800000 31.501000 131.470000 -395.510000 251.040000 -0.138360 -316.180000 413.550000 -376.710000 
3 3 3 3 3 3 3 3 3 3
3 3 3 3 3 3 3 3 3 3
-40.374000 148.010000 39.020000 162.400000 -467.990000 301.690000 -0.140170 -380.830000 485.180000 -442.670000 
3 3 3 3 3 3 3 3 3 3
3 3 3 3 3 3 3 3 3 3
-51.780000 173.750000 44.836000 186.210000 -502.860000 340.870000 -0.173490 -429.920000 531.950000 -482.320000 
3 3 3 3 3 3 3 3 3 3
3 3 3 3 3 3 3 3 3 3
-65.341000 197.150000 48.111000 199.510000 -485.030000 364.220000 -0.173130 -455.430000 544.430000 -481.430000 
3 3 3 3 3 3 3 3 3 3
3 3 3 3 3 3 3 3 3 3
-80.515000 218.790000 49.744000 205.870000 -439.400000 376.660000 -0.319050 -470.660000 537.290000 -458.000000 
3 3 3 3 3 3 3 3 3 3
3 3 3 3 3 3 3 3 3 3
-96.994000 239.030000 50.166000 206.970000 -379.570000 380.840000 -0.695940 -482.510000 518.590000 -421.320000 
3 3 3 3 3 3 3 3 3 3
3 3 3 3 3 3 3 3 3 3
-1.867100 -48.720000 3.318900 22.820000 46.908000 -4.977200 3.588800 82.984000 -6.451900 111.160000 
3 3 3 3 3 3 3 3 3 3
3 3 3 3 3 3 3 3 3 3
-7.252900 -54.496000 5.981200 38.619000 71.388000 17.890000 5.879000 114.890000 10.896000 179.590000 
3 3 3 3 3 3 3 3 3 3
3 3 3 3 3 3 3 3 3 3
-13.032000 -63.847000 9.539600 58.423000 100.300000 40.202000 8.295500 151.390000 24.347000 235.470000 
3 3 3 3 3 3 3 3 3 3
3 3 3 3 3 3 3 3 3 3
-20.088000 -75.516000 14.229000 82.736000 131.020000 63.068000 10.651000 188.330000 32.966000 266.160000 
3 3 3 3 3 3 3 3 3 3
3 3 3 3 3 3 3 3 3 3
-28.700000 -88.629000 19.843000 110.500000 162.910000 85.891000 12.815000 223.080000 36.308000 272.380000 
3 3 3 3 3 3 3 3 3 3
3 3 3 3 3 3 3 3 3 3
-38.761000 -102.580000 25.914000 139.730000 195.980000 107.040000 14.680000 253.500000 34.558000 262.670000 
3 3 3 3 3 3 3 3 3 3
3 3 3 3 3 3 3 3 3 3
-50.137000 -117.100000 32.000000 168.590000 229.290000 124.700000 16.121000 276.880000 28.385000 245.280000 
3 3 3 3 3 3 3 3 3 3
3 3 3 3 3 3 3 3 3 3
-62.739000 -132.210000 37.752000 195.590000 259.850000 136.990000 16.962000 288.900000 19.220000 226.310000 
3 3 3 3 3 3 3 3 3 3
3 3 3 3 3 3 3 3 3 3
-76.517000 -148.140000 42.897000 219.510000 282.340000 141.990000 16.967000 283.280000 9.499200 210.030000 
3 3 3 3 3 3 3 3 3 3
3 3 3 3 3 3 3 3 3 3
-91.423000 -165.080000 47.241000 239.510000 292.010000 138.390000 15.960000 255.140000 1.443100 199.030000 
3 3 3 3 3 3 3 3 3 3
3 3 3 3 3 3 3 3 3 3
-107.380000 -182.930000 50.705000 255.290000 290.250000 126.830000 14.058000 207.500000 -5.294700 194.090000 
3 3 3 3 3 3 3 3 3 3
3 3 3 3 3 3 3 3 3 3
-2.592300 -22.027000 2.254900 15.486000 28.696000 8.732100 2.634800 49.296000 9.014000 89.780000 
3 3 3 3 3 3 3 3 3 3
3 3 3 3 3 3 3 3 3 3
-6.945300 -27.745000 4.753100 30.989000 51.785000 31.502000 5.088200 82.528000 30.698000 169.450000 
3 3 3 3 3 3 3 3 3 3
3 3 3 3 3 3 3 3 3 3
-11.814000 -36.174000 8.259800 50.837000 78.435000 54.696000 7.648500 119.280000 49.130000 232.600000 
3 3 3 3 3 3 3 3 3 3
3 3 3 3 3 3 3 3 3 3
-18.490000 -46.374000 13.288000 76.570000 105.470000 80.020000 10.105000 155.220000 62.256000 259.110000 
3 3 3 3 3 3 3 3 3 3
3 3 3 3 3 3 3 3 3 3
-27.049000 -57.553000 19.436000 106.420000 133.640000 106.160000 12.352000 188.630000 69.365000 255.240000 
3 3 3 3 3 3 3 3 3 3
3 3 3 3 3 3 3 3 3 3
-37.130000 -69.096000 25.997000 137.520000 164.570000 130.710000 14.314000 218.420000 70.551000 235.990000 
3 3 3 3 3 3 3 3 3 3
3 3 3 3 3 3 3 3 3 3
-48.547000 -80.856000 32.468000 167.820000 198.190000 151.570000 15.885000 242.570000 66.131000 211.260000 
3 3 3 3 3 3 3 3 3 3
3 3 3 3 3 3 3 3 3 3
-61.216000 -92.981000 38.493000 195.790000 231.920000 166.800000 16.900000 257.190000 57.300000 187.340000 
3 3 3 3 3 3 3 3 3 3
3 3 3 3 3 3 3 3 3 3
-75.097000 -105.850000 43.790000 220.200000 258.870000 174.030000 17.057000 254.200000 47.127000 168.460000 
3 3 3 3 3 3 3 3 3 3
3 3 3 3 3 3 3 3 3 3
-90.168000 -119.950000 48.137000 239.990000 269.390000 170.810000 15.978000 223.090000 39.970000 157.420000 
3 3 3 3 3 3 3 3 3 3
3 3 3 3 3 3 3 3 3 3
-106.330000 -135.060000 51.501000 255.100000 267.670000 158.610000 13.915000 170.440000 34.310000 154.320000 
3 3 3 3 3 3 3 3 3 3
3 3 3 3 3 3 3 3 3 3
-3.234600 -4.202100 1.700300 11.070000 12.183000 17.961000 1.859500 23.454000 20.403000 66.465000 
3 3 3 3 3 3 3 3 3 3
3 3 3 3 3 3 3 3 3 3
-6.694300 -9.256100 4.096400 26.386000 31.539000 41.244000 4.408700 55.747000 47.657000 153.240000 
3 3 3 3 3 3 3 3 3 3
3 3 3 3 3 3 3 3 3 3
-10.703000 -15.462000 7.491100 45.843000 52.976000 65.943000 7.016400 89.355000 73.076000 221.910000 
3 3 3 3 3 3 3 3 3 3
3 3 3 3 3 3 3 3 3 3
-17.241000 -23.203000 12.972000 73.247000 72.595000 94.645000 9.461300 120.600000 92.320000 238.500000 
3 3 3 3 3 3 3 3 3 3
3 3 3 3 3 3 3 3 3 3
-25.822000 -31.512000 19.640000 104.970000 93.730000 124.510000 11.688000 149.180000 104.990000 222.780000 
3 3 3 3 3 3 3 3 3 3
3 3 3 3 3 3 3 3 3 3
-35.901000 -39.813000 26.593000 137.420000 119.460000 152.450000 13.645000 174.910000 110.960000 194.760000 
3 3 3 3 3 3 3 3 3 3
3 3 3 3 3 3 3 3 3 3
-47.332000 -48.140000 33.330000 168.550000 150.430000 176.280000 15.238000 196.420000 110.030000 164.060000 
3 3 3 3 3 3 3 3 3 3
3 3 3 3 3 3 3 3 3 3
-60.051000 -56.742000 39.500000 196.890000 184.600000 194.020000 16.319000 210.410000 103.050000 136.690000 
3 3 3 3 3 3 3 3 3 3
3 3 3 3 3 3 3 3 3 3
-74.025000 -66.042000 44.834000 221.250000 215.520000 203.450000 16.609000 209.410000 92.905000 116.590000 
3 3 3 3 3 3 3 3 3 3
3 3 3 3 3 3 3 3 3 3
-89.256000 -76.842000 49.073000 240.330000 227.140000 200.650000 15.469000 175.580000 86.745000 106.780000 
3 3 3 3 3 3 3 3 3 3
3 3 3 3 3 3 3 3 3 3
-105.610000 -88.705000 52.250000 254.420000 228.020000 188.390000 13.356000 121.040000 81.247000 106.430000 
3 3 3 3 3 3 3 3 3 3
3 3 3 3 3 3 3 3 3 3
-3.280300 1.588700 1.629100 9.995500 2.434700 20.692000 1.466200 11.947000 25.428000 49.562000 
3 3 3 3 3 3 3 3 3 3
3 3 3 3 3 3 3 3 3 3
-6.661900 0.105980 4.254000 25.842000 11.873000 47.477000 3.884900 36.185000 60.718000 125.280000 
3 3 3 3 3 3 3 3 3 3
3 3 3 3 3 3 3 3 3 3
-10.627000 -2.489700 8.024400 46.441000 22.404000 76.048000 6.360900 61.240000 94.298000 181.780000 
3 3 3 3 3 3 3 3 3 3
3 3 3 3 3 3 3 3 3 3
-16.895000 -6.196700 13.736000 74.451000 31.501000 108.290000 8.684600 83.830000 122.100000 191.680000 
3 3 3 3 3 3 3 3 3 3
3 3 3 3 3 3 3 3 3 3
-25.248000 -10.327000 20.632000 106.760000 42.781000 141.590000 10.790000 103.940000 142.820000 169.940000 
3 3 3 3 3 3 3 3 3 3
3 3 3 3 3 3 3 3 3 3
-35.187000 -14.447000 27.776000 139.650000 60.187000 172.610000 12.630000 121.870000 155.740000 136.720000 
3 3 3 3 3 3 3 3 3 3
3 3 3 3 3 3 3 3 3 3
-46.561000 -18.679000 34.610000 170.830000 85.002000 198.850000 14.109000 136.550000 160.340000 102.690000 
3 3 3 3 3 3 3 3 3 3
3 3 3 3 3 3 3 3 3 3
-59.308000 -23.343000 40.753000 198.720000 115.180000 218.130000 15.068000 144.490000 157.460000 74.290000 
3 3 3 3 3 3 3 3 3 3
3 3 3 3 3 3 3 3 3 3
-73.385000 -28.895000 45.938000 222.130000 143.780000 228.130000 15.214000 137.810000 150.250000 55.417000 
3 3 3 3 3 3 3 3 3 3
3 3 3 3 3 3 3 3 3 3
-88.746000 -35.785000 49.987000 240.200000 161.480000 226.850000 14.217000 107.020000 143.070000 47.965000 
3 3 3 3 3 3 3 3 3 3
3 3 3 3 3 3 3 3 3 3
-105.270000 -43.819000 52.907000 253.030000 170.590000 215.780000 12.288000 57.224000 135.430000 51.191000 
3 3 3 3 3 3 3 3 3 3
3 3 3 3 3 3 3 3 3 3
-2.701900 0.548380 1.635500 10.020000 -2.419400 19.606000 1.309400 8.942600 28.963000 34.833000 
3 3 3 3 3 3 3 3 3 3
3 3 3 3 3 3 3 3 3 3
-6.705700 2.915000 4.921800 27.889000 -6.866100 51.140000 3.467100 21.723000 71.819000 87.367000 
3 3 3 3 3 3 3 3 3 3
3 3 3 3 3 3 3 3 3 3
-11.161000 4.640700 9.393100 50.684000 -11.525000 84.864000 5.678700 34.310000 114.110000 121.610000 
3 3 3 3 3 3 3 3 3 3
3 3 3 3 3 3 3 3 3 3
-17.268000 5.944100 15.349000 79.189000 -16.442000 121.140000 7.772900 44.632000 152.020000 123.160000 
3 3 3 3 3 3 3 3 3 3
3 3 3 3 3 3 3 3 3 3
-25.271000 6.985600 22.310000 111.330000 -17.972000 157.820000 9.663200 52.912000 182.760000 98.473000 
3 3 3 3 3 3 3 3 3 3
3 3 3 3 3 3 3 3 3 3
-34.969000 7.821400 29.492000 143.940000 -11.722000 191.720000 11.289000 59.827000 204.430000 62.823000 
3 3 3 3 3 3 3 3 3 3
3 3 3 3 3 3 3 3 3 3
-46.229000 8.243400 36.277000 174.510000 4.421800 220.000000 12.557000 64.690000 216.010000 27.817000 
3 3 3 3 3 3 3 3 3 3
3 3 3 3 3 3 3 3 3 3
-58.977000 7.920900 42.248000 201.280000 28.841000 240.350000 13.311000 64.274000 218.190000 0.607780 
3 3 3 3 3 3 3 3 3 3
3 3 3 3 3 3 3 3 3 3
-73.142000 6.506600 47.154000 223.180000 55.999000 250.930000 13.332000 52.609000 213.590000 -15.136000 
3 3 3 3 3 3 3 3 3 3
3 3 3 3 3 3 3 3 3 3
-88.634000 3.791600 50.881000 239.660000 79.852000 250.910000 12.461000 24.610000 205.380000 -18.430000 
3 3 3 3 3 3 3 3 3 3
3 3 3 3 3 3 3 3 3 3
-105.320000 -0.098661 53.442000 250.810000 99.233000 241.330000 10.792000 -18.138000 194.710000 -10.352000 
3 3 3 3 3 3 3 3 3 3
3 3 3 3 3 3 3 3 3 3
-1.896000 -1.947500 1.510300 9.594200 -5.838000 17.542000 1.164000 6.919100 34.101000 16.260000 
3 3 3 3 3 3 3 3 3 3
3 3 3 3 3 3 3 3 3 3
-6.643600 2.882800 5.621500 30.267000 -24.693000 53.143000 3.059600 8.793500 83.100000 45.652000 
3 3 3 3 3 3 3 3 3 3
3 3 3 3 3 3 3 3 3 3
-11.650000 8.869800 10.849000 55.462000 -46.460000 91.940000 4.956900 7.392700 134.310000 57.812000 
3 3 3 3 3 3 3 3 3 3
3 3 3 3 3 3 3 3 3 3
-17.841000 15.432000 17.239000 85.123000 -68.566000 132.880000 6.740900 2.873300 182.970000 46.137000 
3 3 3 3 3 3 3 3 3 3
3 3 3 3 3 3 3 3 3 3
-25.641000 22.034000 24.372000 117.420000 -85.974000 173.450000 8.336800 -3.293600 224.750000 15.329000 
3 3 3 3 3 3 3 3 3 3
3 3 3 3 3 3 3 3 3 3
-35.125000 28.240000 31.577000 149.610000 -93.207000 210.380000 9.684300 -9.553800 256.220000 -23.094000 
3 3 3 3 3 3 3 3 3 3
3 3 3 3 3 3 3 3 3 3
-46.269000 33.659000 38.238000 179.190000 -86.904000 240.670000 10.699000 -15.749000 275.340000 -58.134000 
3 3 3 3 3 3 3 3 3 3
3 3 3 3 3 3 3 3 3 3
-59.018000 37.963000 43.930000 204.390000 -67.713000 262.040000 11.254000 -24.173000 282.280000 -82.604000 
3 3 3 3 3 3 3 3 3 3
3 3 3 3 3 3 3 3 3 3
-73.276000 40.930000 48.441000 224.290000 -40.192000 273.250000 11.197000 -39.180000 279.400000 -93.489000 
3 3 3 3 3 3 3 3 3 3
3 3 3 3 3 3 3 3 3 3
-88.911000 42.512000 51.720000 238.640000 -9.901600 274.170000 10.433000 -64.474000 269.880000 -90.873000 
3 3 3 3 3 3 3 3 3 3
3 3 3 3 3 3 3 3 3 3
-105.770000 42.864000 53.812000 247.630000 19.873000 265.840000 9.009900 -100.260000 256.040000 -76.558000 
3 3 3 3 3 3 3 3 3 3
3 3 3 3 3 3 3 3 3 3
-1.156100 -4.573200 1.305900 8.769400 -8.299400 15.037000 0.953840 3.957500 39.474000 -5.316400 
3 3 3 3 3 3 3 3 3 3
3 3 3 3 3 3 3 3 3 3
-6.538300 2.428400 6.165800 31.993000 -41.428000 54.241000 2.591300 -4.874800 94.656000 3.482700 
3 3 3 3 3 3 3 3 3 3
3 3 3 3 3 3 3 3 3 3
-12.053000 12.583000 12.151000 59.620000 -81.317000 97.984000 4.156000 -20.955000 155.090000 -5.228900 
3 3 3 3 3 3 3 3 3 3
3 3 3 3 3 3 3 3 3 3
-18.438000 24.420000 19.097000 90.873000 -122.620000 143.940000 5.588300 -41.723000 214.920000 -32.600000 
3 3 3 3 3 3 3 3 3 3
3 3 3 3 3 3 3 3 3 3
-26.182000 36.612000 26.537000 123.810000 -158.160000 188.860000 6.844500 -63.858000 268.240000 -73.023000 
3 3 3 3 3 3 3 3 3 3
3 3 3 3 3 3 3 3 3 3
-35.536000 48.246000 33.828000 155.790000 -180.530000 229.150000 7.881900 -84.355000 309.940000 -116.200000 
3 3 3 3 3 3 3 3 3 3
3 3 3 3 3 3 3 3 3 3
-46.610000 58.721000 40.345000 184.280000 -184.310000 261.540000 8.639700 -101.620000 336.470000 -151.530000 
3 3 3 3 3 3 3 3 3 3
3 3 3 3 3 3 3 3 3 3
-59.398000 67.690000 45.676000 207.550000 -168.950000 283.900000 9.022900 -116.790000 347.250000 -172.210000 
3 3 3 3 3 3 3 3 3 3
3 3 3 3 3 3 3 3 3 3
-73.782000 75.054000 49.682000 225.010000 -139.210000 295.580000 8.918800 -133.610000 344.940000 -176.660000 
3 3 3 3 3 3 3 3 3 3
3 3 3 3 3 3 3 3 3 3
-89.584000 80.905000 52.402000 236.760000 -101.780000 297.130000 8.255900 -155.850000 333.510000 -166.640000 
3 3 3 3 3 3 3 3 3 3
3 3 3 3 3 3 3 3 3 3
-106.620000 85.460000 53.936000 243.190000 -61.761000 289.790000 7.053000 -185.010000 316.340000 -144.990000 
3 3 3 3 3 3 3 3 3 3
3 3 3 3 3 3 3 3 3 3
-0.594950 -5.629000 1.019000 7.384400 -10.149000 12.936000 0.628830 -1.729800 44.825000 -28.561000 
3 3 3 3 3 3 3 3 3 3
3 3 3 3 3 3 3 3 3 3
-6.503600 3.553800 6.512200 32.718000 -56.958000 55.388000 2.013300 -21.012000 106.210000 -37.650000 
3 3 3 3 3 3 3 3 3 3
3 3 3 3 3 3 3 3 3 3
-12.456000 17.979000 13.217000 62.634000 -115.250000 104.030000 3.240600 -52.059000 176.140000 -65.780000 
3 3 3 3 3 3 3 3 3 3
3 3 3 3 3 3 3 3 3 3
-19.075000 34.956000 20.754000 95.621000 -176.330000 155.060000 4.310800 -89.346000 247.100000 -109.490000 
3 3 3 3 3 3 3 3 3 3
3 3 3 3 3 3 3 3 3 3
-26.855000 52.463000 28.583000 129.510000 -230.950000 204.510000 5.215100 -127.730000 311.920000 -161.620000 
3 3 3 3 3 3 3 3 3 3
3 3 3 3 3 3 3 3 3 3
-36.156000 69.252000 36.033000 161.570000 -269.410000 248.380000 5.937500 -162.590000 363.880000 -211.640000 
3 3 3 3 3 3 3 3 3 3
3 3 3 3 3 3 3 3 3 3
-47.223000 84.535000 42.412000 188.980000 -282.980000 282.930000 6.452500 -190.210000 397.260000 -247.960000 
3 3 3 3 3 3 3 3 3 3
3 3 3 3 3 3 3 3 3 3
-60.117000 97.937000 47.301000 210.010000 -269.420000 306.030000 6.697100 -210.390000 410.440000 -263.880000 
3 3 3 3 3 3 3 3 3 3
3 3 3 3 3 3 3 3 3 3
-74.681000 109.490000 50.698000 224.600000 -235.430000 317.860000 6.572600 -227.430000 407.280000 -260.450000 
3 3 3 3 3 3 3 3 3 3
3 3 3 3 3 3 3 3 3 3
-90.680000 119.430000 52.779000 233.410000 -190.160000 319.760000 6.006300 -246.170000 393.260000 -241.990000 
3 3 3 3 3 3 3 3 3 3
3 3 3 3 3 3 3 3 3 3
-107.910000 128.030000 53.701000 237.070000 -140.350000 313.250000 4.997200 -269.140000 372.700000 -212.520000 
3 3 3 3 3 3 3 3 3 3
3 3 3 3 3 3 3 3 3 3
-0.253120 -2.835600 0.702730 5.473100 -12.930000 12.792000 0.135810 -12.869000 51.169000 -53.549000 
3 3 3 3 3 3 3 3 3 3
3 3 3 3 3 3 3 3 3 3
-6.617500 8.701700 6.716700 32.470000 -72.415000 58.231000 1.273800 -42.219000 118.490000 -77.995000 
3 3 3 3 3 3 3 3 3 3
3 3 3 3 3 3 3 3 3 3
-12.961000 27.437000 14.052000 64.324000 -148.030000 111.500000 2.174100 -87.659000 197.450000 -123.420000 
3 3 3 3 3 3 3 3 3 3
3 3 3 3 3 3 3 3 3 3
-19.843000 49.006000 22.095000 98.746000 -227.050000 166.990000 2.905100 -139.950000 278.240000 -181.920000 
3 3 3 3 3 3 3 3 3 3
3 3 3 3 3 3 3 3 3 3
-27.729000 71.126000 30.288000 133.520000 -299.500000 220.520000 3.479100 -193.190000 353.380000 -245.720000 
3 3 3 3 3 3 3 3 3 3
3 3 3 3 3 3 3 3 3 3
-37.028000 92.459000 37.941000 165.860000 -354.200000 267.950000 3.901900 -241.710000 415.210000 -303.970000 
3 3 3 3 3 3 3 3 3 3
3 3 3 3 3 3 3 3 3 3
-48.143000 112.030000 44.192000 192.260000 -377.000000 304.600000 4.197100 -278.570000 454.720000 -342.050000 
3 3 3 3 3 3 3 3 3 3
3 3 3 3 3 3 3 3 3 3
-61.234000 129.380000 48.535000 210.650000 -362.400000 327.900000 4.340800 -301.510000 468.270000 -351.800000 
3 3 3 3 3 3 3 3 3 3
3 3 3 3 3 3 3 3 3 3
-76.037000 144.730000 51.241000 222.060000 -322.340000 339.490000 4.216700 -317.280000 462.840000 -339.420000 
3 3 3 3 3 3 3 3 3 3
3 3 3 3 3 3 3 3 3 3
-92.246000 158.450000 52.656000 227.840000 -269.340000 341.640000 3.738800 -332.400000 445.960000 -312.460000 
3 3 3 3 3 3 3 3 3 3
3 3 3 3 3 3 3 3 3 3
-109.650000 170.850000 52.972000 228.730000 -210.970000 336.020000 2.894600 -349.950000 422.340000 -275.620000 
3 3 3 3 3 3 3 3 3 3
3 3 3 3 3 3 3 3 3 3
-0.094826 7.774000 0.637320 3.867100 -22.622000 18.132000 -0.627070 -35.848000 62.637000 -84.316000 
3 3 3 3 3 3 3 3 3 3
3 3 3 3 3 3 3 3 3 3
-6.888400 21.629000 7.023400 31.944000 -92.555000 66.002000 0.283320 -74.027000 134.780000 -121.050000 
3 3 3 3 3 3 3 3 3 3
3 3 3 3 3 3 3 3 3 3
-13.645000 43.481000 14.718000 64.749000 -180.340000 122.170000 0.915970 -130.040000 219.650000 -178.720000 
3 3 3 3 3 3 3 3 3 3
3 3 3 3 3 3 3 3 3 3
-20.865000 68.224000 23.004000 99.651000 -271.510000 180.240000 1.375000 -192.970000 306.580000 -247.270000 
3 3 3 3 3 3 3 3 3 3
3 3 3 3 3 3 3 3 3 3
-28.960000 93.726000 31.362000 134.600000 -356.840000 236.370000 1.678300 -257.220000 388.710000 -319.420000 
3 3 3 3 3 3 3 3 3 3
3 3 3 3 3 3 3 3 3 3
-38.324000 118.650000 39.155000 167.020000 -425.520000 286.680000 1.841400 -317.120000 458.670000 -385.200000 
3 3 3 3 3 3 3 3 3 3
3 3 3 3 3 3 3 3 3 3
-49.515000 141.800000 45.300000 192.540000 -457.320000 325.320000 1.941500 -362.160000 503.750000 -425.960000 
3 3 3 3 3 3 3 3 3 3
3 3 3 3 3 3 3 3 3 3
-62.902000 162.410000 48.973000 207.820000 -438.220000 348.030000 2.024300 -385.220000 515.240000 -427.660000 
3 3 3 3 3 3 3 3 3 3
3 3 3 3 3 3 3 3 3 3
-77.950000 181.090000 51.010000 216.160000 -392.440000 359.430000 1.905500 -399.400000 507.390000 -407.130000 
3 3 3 3 3 3 3 3 3 3
3 3 3 3 3 3 3 3 3 3
-94.338000 198.250000 51.835000 219.220000 -333.810000 362.170000 1.495600 -411.810000 488.480000 -373.420000 
3 3 3 3 3 3 3 3 3 3
3 3 3 3 3 3 3 3 3 3
-111.880000 214.150000 51.620000 217.650000 -269.350000 357.780000 0.781050 -425.320000 462.850000 -330.920000 
3 3 3 3 3 3 3 3 3 3
3 3 3 3 3 3 3 3 3 3
-0.021221 31.463000 1.300600 4.103000 -49.114000 34.083000 -1.803800 -80.154000 86.010000 -128.310000 
3 3 3 3 3 3 3 3 3 3
3 3 3 3 3 3 3 3 3 3
-7.306500 45.417000 7.655500 31.810000 -121.640000 81.481000 -1.030000 -121.100000 158.040000 -170.110000 
3 3 3 3 3 3 3 3 3 3
3 3 3 3 3 3 3 3 3 3
-14.574000 67.521000 15.223000 63.827000 -211.620000 136.910000 -0.546580 -179.930000 242.510000 -231.400000 
3 3 3 3 3 3 3 3 3 3
3 3 3 3 3 3 3 3 3 3
-22.251000 93.466000 23.356000 97.767000 -306.290000 194.800000 -0.262710 -247.110000 330.110000 -302.940000 
3 3 3 3 3 3 3 3 3 3
3 3 3 3 3 3 3 3 3 3
-30.721000 120.800000 31.501000 131.470000 -395.510000 251.040000 -0.138360 -316.180000 413.550000 -376.710000 
3 3 3 3 3 3 3 3 3 3
3 3 3 3 3 3 3 3 3 3
-40.374000 148.010000 39.020000 162.400000 -467.990000 301.690000 -0.140170 -380.830000 485.180000 -442.670000 
3 3 3 3 3 3 3 3 3 3
3 3 3 3 3 3 3 3 3 3
-51.780000 173.750000 44.836000 186.210000 -502.860000 340.870000 -0.173490 -429.920000 531.950000 -482.320000 
3 3 3 3 3 3 3 3 3 3
3 3 3 3 3 3 3 3 3 3
-65.341000 197.150000 48.111000 199.510000 -485.030000 364.220000 -0.173130 -455.430000 544.430000 -481.430000 
3 3 3 3 3 3 3 3 3 3
3 3 3 3 3 3 3 3 3 3
-80.515000 218.790000 49.744000 205.870000 -439.400000 376.660000 -0.319050 -470.660000 537.290000 -458.000000 
3 3 3 3 3 3 3 3 3 3
3 3 3 3 3 3 3 3 3 3
-96.994000 239.030000 50.166000 206.970000 -379.570000 380.840000 -0.695940 -482.510000 518.590000 -421.320000 
3 3 3 3 3 3 3 3 3 3
3 3 3 3 3 3 3 3 3 3
-114.600000 258.100000 49.556000 203.510000 -312.560000 378.290000 -1.321200 -493.870000 492.600000 -375.880000 
3 3 3 3 3 3 3 3 3 3
3 3 3 3 3 3 3 3 3 3
-7.252900 -54.496000 5.981200 38.619000 71.388000 17.890000 5.879000 114.890000 10.896000 179.590000 
3 3 3 3 3 3 3 3 3 3
3 3 3 3 3 3 3 3 3 3
-13.032000 -63.847000 9.539600 58.423000 100.300000 40.202000 8.295500 151.390000 24.347000 235.470000 
3 3 3 3 3 3 3 3 3 3
3 3 3 3 3 3 3 3 3 3
-20.088000 -75.516000 14.229000 82.736000 131.020000 63.068000 10.651000 188.330000 32.966000 266.160000 
3 3 3 3 3 3 3 3 3 3
3 3 3 3 3 3 3 3 3 3
-28.700000 -88.629000 19.843000 110.500000 162.910000 85.891000 12.815000 223.080000 36.308000 272.380000 
3 3 3 3 3 3 3 3 3 3
3 3 3 3 3 3 3 3 3 3
-38.761000 -102.580000 25.914000 139.730000 195.980000 107.040000 14.680000 253.500000 34.558000 262.670000 
3 3 3 3 3 3 3 3 3 3
3 3 3 3 3 3 3 3 3 3
-50.137000 -117.100000 32.000000 168.590000 229.290000 124.700000 16.121000 276.880000 28.385000 245.280000 
3 3 3 3 3 3 3 3 3 3
3 3 3 3 3 3 3 3 3 3
-62.739000 -132.210000 37.752000 195.590000 259.850000 136.990000 16.962000 288.900000 19.220000 226.310000 
3 3 3 3 3 3 3 3 3 3
3 3 3 3 3 3 3 3 3 3
-76.517000 -148.140000 42.897000 219.510000 282.340000 141.990000 16.967000 283.280000 9.499200 210.030000 
3 3 3 3 3 3 3 3 3 3
3 3 3 3 3 3 3 3 3 3
-91.423000 -165.080000 47.241000 239.510000 292.010000 138.390000 15.960000 255.140000 1.443100 199.030000 
3 3 3 3 3 3 3 3 3 3
3 3 3 3 3 3 3 3 3 3
-107.380000 -182.930000 50.705000 255.290000 290.250000 126.830000 14.058000 207.500000 -5.294700 194.090000 
3 3 3 3 3 3 3 3 3 3
3 3 3 3 3 3 3 3 3 3
-124.290000 -201.450000 53.277000 266.870000 281.480000 109.000000 11.533000 147.480000 -12.313000 194.830000 
3 3 3 3 3 3 3 3 3 3
3 3 3 3 3 3 3 3 3 3
-6.945300 -27.745000 4.753100 30.989000 51.785000 31.502000 5.088200 82.528000 30.698000 169.450000 
3 3 3 3 3 3 3 3 3 3
3 3 3 3 3 3 3 3 3 3
-11.814000 -36.174000 8.259800 50.837000 78.435000 54.696000 7.648500 119.280000 49.130000 232.600000 
3 3 3 3 3 3 3 3 3 3
3 3 3 3 3 3 3 3 3 3
-18.490000 -46.374000 13.288000 76.570000 105.470000 80.020000 10.105000 155.220000 62.256000 259.110000 
3 3 3 3 3 3 3 3 3 3
3 3 3 3 3 3 3 3 3 3
-27.049000 -57.553000 19.436000 106.420000 133.640000 106.160000 12.352000 188.630000 69.365000 255.240000 
3 3 3 3 3 3 3 3 3 3
3 3 3 3 3 3 3 3 3 3
-37.130000 -69.096000 25.997000 137.520000 164.570000 130.710000 14.314000 218.420000 70.551000 235.990000 
3 3 3 3 3 3 3 3 3 3
3 3 3 3 3 3 3 3 3 3
-48.547000 -80.856000 32.468000 167.820000 198.190000 151.570000 15.885000 242.570000 66.131000 211.260000 
3 3 3 3 3 3 3 3 3 3
3 3 3 3 3 3 3 3 3 3
-61.216000 -92.981000 38.493000 195.790000 231.920000 166.800000 16.900000 257.190000 57.300000 187.340000 
3 3 3 3 3 3 3 3 3 3
3 3 3 3 3 3 3 3 3 3
-75.097000 -105.850000 43.790000 220.200000 258.870000 174.030000 17.057000 254.200000 47.127000 168.460000 
3 3 3 3 3 3 3 3 3 3
3 3 3 3 3 3 3 3 3 3
-90.168000 -119.950000 48.137000 239.990000 269.390000 170.810000 15.978000 223.090000 39.970000 157.420000 
3 3 3 3 3 3 3 3 3 3
3 3 3 3 3 3 3 3 3 3
-106.330000 -135.060000 51.501000 255.100000 267.670000 158.610000 13.915000 170.440000 34.310000 154.320000 
3 3 3 3 3 3 3 3 3 3
3 3 3 3 3 3 3 3 3 3
-123.460000 -150.790000 53.916000 265.800000 260.790000 139.940000 11.264000 106.810000 27.456000 158.110000 
3 3 3 3 3 3 3 3 3 3
3 3 3 3 3 3 3 3 3 3
-6.694300 -9.256100 4.096400 26.386000 31.539000 41.244000 4.408700 55.747000 47.657000 153.240000 
3 3 3 3 3 3 3 3 3 3
3 3 3 3 3 3 3 3 3 3
-10.703000 -15.462000 7.491100 45.843000 52.976000 65.943000 7.016400 89.355000 73.076000 221.910000 
3 3 3 3 3 3 3 3 3 3
3 3 3 3 3 3 3 3 3 3
-17.241000 -23.203000 12.972000 73.247000 72.595000 94.645000 9.461300 120.600000 92.320000 238.500000 
3 3 3 3 3 3 3 3 3 3
3 3 3 3 3 3 3 3 3 3
-25.822000 -31.512000 19.640000 104.970000 93.730000 124.510000 11.688000 149.180000 104.990000 222.780000 
3 3 3 3 3 3 3 3 3 3
3 3 3 3 3 3 3 3 3 3
-35.901000 -39.813000 26.593000 137.420000 119.460000 152.450000 13.645000 174.910000 110.960000 194.760000 
3 3 3 3 3 3 3 3 3 3
3 3 3 3 3 3 3 3 3 3
-47.332000 -48.140000 33.330000 168.550000 150.430000 176.280000 15.238000 196.420000 110.030000 164.060000 
3 3 3 3 3 3 3 3 3 3
3 3 3 3 3 3 3 3 3 3
-60.051000 -56.742000 39.500000 196.890000 184.600000 194.020000 16.319000 210.410000 103.050000 136.690000 
3 3 3 3 3 3 3 3 3 3
3 3 3 3 3 3 3 3 3 3
-74.025000 -66.042000 44.834000 221.250000 215.520000 203.450000 16.609000 209.410000 92.905000 116.590000 
3 3 3 3 3 3 3 3 3 3
3 3 3 3 3 3 3 3 3 3
-89.256000 -76.842000 49.073000 240.330000 227.140000 200.650000 15.469000 175.580000 86.745000 106.780000 
3 3 3 3 3 3 3 3 3 3
3 3 3 3 3 3 3 3 3 3
-105.610000 -88.705000 52.250000 254.420000 228.020000 188.390000 13.356000 121.040000 81.247000 106.430000 
3 3 3 3 3 3 3 3 3 3
3 3 3 3 3 3 3 3 3 3
-122.960000 -101.190000 54.426000 263.920000 225.750000 169.500000 10.706000 57.265000 73.599000 113.980000 
3 3 3 3 3 3 3 3 3 3
3 3 3 3 3 3 3 3 3 3
-6.661900 0.105980 4.254000 25.842000 11.873000 47.477000 3.884900 36.185000 60.718000 125.280000 
3 3 3 3 3 3 3 3 3 3
3 3 3 3 3 3 3 3 3 3
-10.627000 -2.489700 8.024400 46.441000 22.404000 76.048000 6.360900 61.240000 94.298000 181.780000 
3 3 3 3 3 3 3 3 3 3
3 3 3 3 3 3 3 3 3 3
-16.895000 -6.196700 13.736000 74.451000 31.501000 108.290000 8.684600 83.830000 122.100000 191.680000 
3 3 3 3 3 3 3 3 3 3
3 3 3 3 3 3 3 3 3 3
-25.248000 -10.327000 20.632000 106.760000 42.781000 141.590000 10.790000 103.940000 142.820000 169.940000 
3 3 3 3 3 3 3 3 3 3
3 3 3 3 3 3 3 3 3 3
-35.187000 -14.447000 27.776000 139.650000 60.187000 172.610000 12.630000 121.870000 155.740000 136.720000 
3 3 3 3 3 3 3 3 3 3
3 3 3 3 3 3 3 3 3 3
-46.561000 -18.679000 34.610000 170.830000 85.002000 198.850000 14.109000 136.550000 160.340000 102.690000 
3 3 3 3 3 3 3 3 3 3
3 3 3 3 3 3 3 3 3 3
-59.308000 -23.343000 40.753000 198.720000 115.180000 218.130000 15.068000 144.490000 157.460000 74.290000 
3 3 3 3 3 3 3 3 3 3
3 3 3 3 3 3 3 3 3 3
-73.385000 -28.895000 45.938000 222.130000 143.780000 228.130000 15.214000 137.810000 150.250000 55.417000 
3 3 3 3 3 3 3 3 3 3
3 3 3 3 3 3 3 3 3 3
-88.746000 -35.785000 49.987000 240.200000 161.480000 226.850000 14.217000 107.020000 143.070000 47.965000 
3 3 3 3 3 3 3 3 3 3
3 3 3 3 3 3 3 3 3 3
-105.270000 -43.819000 52.907000 253.030000 170.590000 215.780000 12.288000 57.224000 135.430000 51.191000 
3 3 3 3 3 3 3 3 3 3
3 3 3 3 3 3 3 3 3 3
-122.820000 -52.590000 54.768000 261.010000 176.610000 197.510000 9.800700 -2.140300 125.530000 63.220000 
3 3 3 3 3 3 3 3 3 3
3 3 3 3 3 3 3 3 3 3
-6.705700 2.915000 4.921800 27.889000 -6.866100 51.140000 3.467100 21.723000 71.819000 87.367000 
3 3 3 3 3 3 3 3 3 3
3 3 3 3 3 3 3 3 3 3
-11.161000 4.640700 9.393100 50.684000 -11.525000 84.864000 5.678700 34.310000 114.110000 121.610000 
3 3 3 3 3 3 3 3 3 3
3 3 3 3 3 3 3 3 3 3
-17.268000 5.944100 15.349000 79.189000 -16.442000 121.140000 7.772900 44.632000 152.020000 123.160000 
3 3 3 3 3 3 3 3 3 3
3 3 3 3 3 3 3 3 3 3
-25.271000 6.985600 22.310000 111.330000 -17.972000 157.820000 9.663200 52.912000 182.760000 98.473000 
3 3 3 3 3 3 3 3 3 3
3 3 3 3 3 3 3 3 3 3
-34.969000 7.821400 29.492000 143.940000 -11.722000 191.720000 11.289000 59.827000 204.430000 62.823000 
3 3 3 3 3 3 3 3 3 3
3 3 3 3 3 3 3 3 3 3
-46.229000 8.243400 36.277000 174.510000 4.421800 220.000000 12.557000 64.690000 216.010000 27.817000 
3 3 3 3 3 3 3 3 3 3
3 3 3 3 3 3 3 3 3 3
-58.977000 7.920900 42.248000 201.280000 28.841000 240.350000 13.311000 64.274000 218.190000 0.607780 
3 3 3 3 3 3 3 3 3 3
3 3 3 3 3 3 3 3 3 3
-73.142000 6.506600 47.154000 223.180000 55.999000 250.930000 13.332000 52.609000 213.590000 -15.136000 
3 3 3 3 3 3 3 3 3 3
3 3 3 3 3 3 3 3 3 3
-88.634000 3.791600 50.881000 239.660000 79.852000 250.910000 12.461000 24.610000 205.380000 -18.430000 
3 3 3 3 3 3 3 3 3 3
3 3 3 3 3 3 3 3 3 3
-105.320000 -0.098661 53.442000 250.810000 99.233000 241.330000 10.792000 -18.138000 194.710000 -10.352000 
3 3 3 3 3 3 3 3 3 3
3 3 3 3 3 3 3 3 3 3
-123.070000 -4.848500 54.906000 256.960000 116.010000 224.190000 8.570400 -70.076000 181.540000 7.023800 
3 3 3 3 3 3 3 3 3 3
3 3 3 3 3 3 3 3 3 3
-6.643600 2.882800 5.621500 30.267000 -24.693000 53.143000 3.059600 8.793500 83.100000 45.652000 
3 3 3 3 3 3 3 3 3 3
3 3 3 3 3 3 3 3 3 3
-11.650000 8.869800 10.849000 55.462000 -46.460000 91.940000 4.956900 7.392700 134.310000 57.812000 
3 3 3 3 3 3 3 3 3 3
3 3 3 3 3 3 3 3 3 3
-17.841000 15.432000 17.239000 85.123000 -68.566000 132.880000 6.740900 2.873300 182.970000 46.137000 
3 3 3 3 3 3 3 3 3 3
3 3 3 3 3 3 3 3 3 3
-25.641000 22.034000 24.372000 117.420000 -85.974000 173.450000 8.336800 -3.293600 224.750000 15.329000 
3 3 3 3 3 3 3 3 3 3
3 3 3 3 3 3 3 3 3 3
-35.125000 28.240000 31.577000 149.610000 -93.207000 210.380000 9.684300 -9.553800 256.220000 -23.094000 
3 3 3 3 3 3 3 3 3 3
3 3 3 3 3 3 3 3 3 3
-46.269000 33.659000 38.238000 179.190000 -86.904000 240.670000 10.699000 -15.749000 275.340000 -58.134000 
3 3 3 3 3 3 3 3 3 3
3 3 3 3 3 3 3 3 3 3
-59.018000 37.963000 43.930000 204.390000 -67.713000 262.040000 11.254000 -24.173000 282.280000 -82.604000 
3 3 3 3 3 3 3 3 3 3
3 3 3 3 3 3 3 3 3 3
-73.276000 40.930000 48.441000 224.290000 -40.192000 273.250000 11.197000 -39.180000 279.400000 -93.489000 
3 3 3 3 3 3 3 3 3 3
3 3 3 3 3 3 3 3 3 3
-88.911000 42.512000 51.720000 238.640000 -9.901600 274.170000 10.433000 -64.474000 269.880000 -90.873000 
3 3 3 3 3 3 3 3 3 3
3 3 3 3 3 3 3 3 3 3
-105.770000 42.864000 53.812000 247.630000 19.873000 265.840000 9.009900 -100.260000 256.040000 -76.558000 
3 3 3 3 3 3 3 3 3 3
3 3 3 3 3 3 3 3 3 3
-123.700000 42.270000 54.797000 251.600000 48.247000 249.960000 7.082900 -143.740000 239.150000 -52.961000 
3 3 3 3 3 3 3 3 3 3
3 3 3 3 3 3 3 3 3 3
-6.538300 2.428400 6.165800 31.993000 -41.428000 54.241000 2.591300 -4.874800 94.656000 3.482700 
3 3 3 3 3 3 3 3 3 3
3 3 3 3 3 3 3 3 3 3
-12.053000 12.583000 12.151000 59.620000 -81.317000 97.984000 4.156000 -20.955000 155.090000 -5.228900 
3 3 3 3 3 3 3 3 3 3
3 3 3 3 3 3 3 3 3 3
-18.438000 24.420000 19.097000 90.873000 -122.620000 143.940000 5.588300 -41.723000 214.920000 -32.600000 
3 3 3 3 3 3 3 3 3 3
3 3 3 3 3 3 3 3 3 3
-26.182000 36.612000 26.537000 123.810000 -158.160000 188.860000 6.844500 -63.858000 268.240000 -73.023000 
3 3 3 3 3 3 3 3 3 3
3 3 3 3 3 3 3 3 3 3
-35.536000 48.246000 33.828000 155.790000 -180.530000 229.150000 7.881900 -84.355000 309.940000 -116.200000 
3 3 3 3 3 3 3 3 3 3
3 3 3 3 3 3 3 3 3 3
-46.610000 58.721000 40.345000 184.280000 -184.310000 261.540000 8.639700 -101.620000 336.470000 -151.530000 
3 3 3 3 3 3 3 3 3 3
3 3 3 3 3 3 3 3 3 3
-59.398000 67.690000 45.676000 207.550000 -168.950000 283.900000 9.022900 -116.790000 347.250000 -172.210000 
3 3 3 3 3 3 3 3 3 3
3 3 3 3 3 3 3 3 3 3
-73.782000 75.054000 49.682000 225.010000 -139.210000 295.580000 8.918800 -133.610000 344.940000 -176.660000 
3 3 3 3 3 3 3 3 3 3
3 3 3 3 3 3 3 3 3 3
-89.584000 80.905000 52.402000 236.760000 -101.780000 297.130000 8.255900 -155.850000 333.510000 -166.640000 
3 3 3 3 3 3 3 3 3 3
3 3 3 3 3 3 3 3 3 3
-106.620000 85.460000 53.936000 243.190000 -61.761000 289.790000 7.053000 -185.010000 316.340000 -144.990000 
3 3 3 3 3 3 3 3 3 3
3 3 3 3 3 3 3 3 3 3
-124.740000 89.011000 54.379000 244.710000 -21.933000 275.140000 5.410900 -220.100000 295.650000 -114.550000 
3 3 3 3 3 3 3 3 3 3
3 3 3 3 3 3 3 3 3 3
-6.503600 3.553800 6.512200 32.718000 -56.958000 55.388000 2.013300 -21.012000 106.210000 -37.650000 
3 3 3 3 3 3 3 3 3 3
3 3 3 3 3 3 3 3 3 3
-12.456000 17.979000 13.217000 62.634000 -115.250000 104.030000 3.240600 -52.059000 176.140000 -65.780000 
3 3 3 3 3 3 3 3 3 3
3 3 3 3 3 3 3 3 3 3
-19.075000 34.956000 20.754000 95.621000 -176.330000 155.060000 4.310800 -89.346000 247.100000 -109.490000 
3 3 3 3 3 3 3 3 3 3
3 3 3 3 3 3 3 3 3 3
-26.855000 52.463000 28.583000 129.510000 -230.950000 204.510000 5.215100 -127.730000 311.920000 -161.620000 
3 3 3 3 3 3 3 3 3 3
3 3 3 3 3 3 3 3 3 3
-36.156000 69.252000 36.033000 161.570000 -269.410000 248.380000 5.937500 -162.590000 363.880000 -211.640000 
3 3 3 3 3 3 3 3 3 3
3 3 3 3 3 3 3 3 3 3
-47.223000 84.535000 42.412000 188.980000 -282.980000 282.930000 6.452500 -190.210000 397.260000 -247.960000 
3 3 3 3 3 3 3 3 3 3
3 3 3 3 3 3 3 3 3 3
-60.117000 97.937000 47.301000 210.010000 -269.420000 306.030000 6.697100 -210.390000 410.440000 -263.880000 
3 3 3 3 3 3 3 3 3 3
3 3 3 3 3 3 3 3 3 3
-74.681000 109.490000 50.698000 224.600000 -235.430000 317.860000 6.572600 -227.430000 407.280000 -260.450000 
3 3 3 3 3 3 3 3 3 3
3 3 3 3 3 3 3 3 3 3
-90.680000 119.430000 52.779000 233.410000 -190.160000 319.760000 6.006300 -246.170000 393.260000 -241.990000 
3 3 3 3 3 3 3 3 3 3
3 3 3 3 3 3 3 3 3 3
-107.910000 128.030000 53.701000 237.070000 -140.350000 313.250000 4.997200 -269.140000 372.700000 -212.520000 
3 3 3 3 3 3 3 3 3 3
3 3 3 3 3 3 3 3 3 3
-126.200000 135.600000 53.574000 236.000000 -89.899000 299.850000 3.612700 -296.440000 348.370000 -175.150000 
3 3 3 3 3 3 3 3 3 3
3 3 3 3 3 3 3 3 3 3
